C00001=(-237.2,0,2)
C00002=(-2705.7,-5,11),(-2777.5,-4,12),(-2819.8,-3,13),(-2849.0,-2,14),(-2868.3,-1,15),(-2884.5,0,16),(-2897.6,1,17),(-2902.6,2,18)
C00003=(205.5,-4,24),(133.0,-3,25),(64.9,-2,26),(0.0,-1,27),(-29.3,0,28),(-48.4,1,29),(-63.7,2,30),(-73.9,3,31)
C00004=(165.5,-4,25),(91.9,-3,26),(21.8,-2,27),(-7.5,-1,28),(-26.6,0,29),(-41.9,1,30),(-52.1,2,31)
C00005=(128.5,-5,25),(55.8,-4,26),(22.6,-3,27),(-6.1,-2,28),(-25.3,-1,29),(-40.5,0,30),(-50.8,1,31),(-54.5,2,32)
C00006=(99.7,-4,25),(33.2,-3,26),(0.0,-2,27),(-28.7,-1,28),(-47.9,0,29),(-63.1,1,30),(-73.4,2,31),(-77.1,3,32)
C00007=(16.4,0,0)
C00008=(-1756.2,-5,10),(-1836.0,-4,11),(-1907.1,-3,12),(-1949.4,-2,13),(-1978.6,-1,14),(-1997.6,0,15),(-2012.7,1,16),(-2022.4,2,17)
C00009=(-1096.1,-2,1),(-1137.3,-1,2),(-1149.6,0,3),(-1025.8,-3,0)
C00010=(-3022.7,-5,31),(-3080.2,-4,32),(-3114.2,-3,33),(-3143.0,-2,34),(-3162.3,-1,35),(-3177.5,0,36),(-3188.0,1,37),(-3192.6,2,38)
C00011=(-386.0,0,0)
C00013=(-1919.9,-4,0),(-1973.9,-3,1),(-2012.2,-2,2),(-2025.1,-1,3),(-2029.9,0,4)
C00020=(-887.6,-4,10),(-967.4,-3,11),(-1038.5,-2,12),(-1074.3,-1,13),(-1103.3,0,14),(-1119.0,1,15),(-1125.9,2,16)
C00022=(-473.9,-1,3),(-490.6,0,4)
C00024=(-3143.7,-5,33),(-3215.6,-4,34),(-3249.6,-3,35),(-3278.5,-2,36),(-3297.7,-1,37),(-3313.0,0,38),(-3323.5,1,39),(-3328.1,2,40)
C00025=(-628.8,-2,7),(-683.2,-1,8),(-707.6,0,9),(-718.3,1,10)
C00026=(-793.2,-2,4),(-815.3,-1,5),(-830.5,0,6)
C00033=(-358.6,-1,3),(-384.5,0,4)
C00035=(-1879.3,-6,9),(-1959.0,-5,10),(-2030.1,-4,11),(-2088.1,-3,12),(-2130.3,-2,13),(-2148.6,-1,14),(-2159.7,0,15),(-2167.4,1,16)
C00036=(-799.7,-2,2),(-820.2,-1,3),(-833.9,0,4)
C00037=(-317.4,-1,4),(-370.1,0,5),(-383.2,1,6)
C00041=(-309.8,-1,6),(-363.9,0,7),(-378.0,1,8)
C00042=(-677.9,-2,4),(-710.3,-1,5),(-730.6,0,6)
C00044=(-2749.7,-7,9),(-2829.5,-6,10),(-2900.5,-5,11),(-2958.5,-4,12),(-3000.7,-3,13),(-3019.5,-2,14),(-3034.0,-1,15),(-3043.0,0,16),(-3047.5,1,17)
C00047=(-243.3,-1,13),(-302.0,0,14),(-355.8,1,15),(-371.5,2,16)
C00048=(-470.3,-1,1),(-485.2,0,2)
C00049=(-634.9,-2,5),(-689.7,-1,6),(-718.9,0,7),(-728.6,1,8)
C00053=(-2303.1,-5,10),(-2375.0,-4,11),(-2409.0,-3,12),(-2437.9,-2,13),(-2454.9,-1,14),(-2468.5,0,15),(-2473.3,1,16)
C00054=(-1804.9,-5,10),(-1876.8,-4,11),(-1913.5,-3,12),(-1946.6,-2,13),(-1975.3,-1,14),(-1991.0,0,15),(-1998.8,1,16),(-2002.8,2,17)
C00058=(-351.0,-1,1),(-372.4,0,2)
C00059=(-744.5,-2,0),(-755.9,-1,1)
C00064=(-447.8,-1,9),(-501.0,0,10),(-513.2,1,11)
C00065=(-465.7,-1,6),(-516.6,0,7),(-528.2,1,8)
C00073=(-266.2,-1,10),(-320.4,0,11),(-334.8,1,12)
C00074=(-1271.4,-3,2),(-1305.8,-2,3),(-1326.0,-1,4),(-1330.4,0,5)
C00078=(-63.8,-1,11),(-117.4,0,12),(-131.9,1,13)
C00079=(-174.2,-1,10),(-228.1,0,11),(-242.2,1,12)
C00080=(0,1,1)
C00082=(-281.9,-2,9),(-337.8,-1,10),(-390.2,0,11),(-401.6,1,12)
C00084=(-137.9,0,4)
C00085=(-1547.7,-5,8),(-1627.5,-4,9),(-1700.1,-3,10),(-1758.8,-2,11),(-1794.4,-1,12),(-1801.4,0,13)
C00091=(-3535.0,-5,35),(-3569.0,-4,36),(-3598.1,-3,37),(-3620.7,-2,38),(-3639.4,-1,39),(-3654.6,0,40),(-3665.0,1,41),(-3669.7,2,42)
C00092=(-1544.0,-5,8),(-1621.7,-4,9),(-1694.1,-3,10),(-1758.5,-2,11),(-1794.2,-1,12),(-1801.2,0,13)
C00093=(-1253.6,-3,6),(-1331.5,-2,7),(-1368.7,-1,8),(-1377.4,0,9)
C00094=(-486.5,-2,0),(-527.8,-1,1)
C00097=(-234.2,-2,5),(-292.3,-1,6),(-343.9,0,7),(-357.3,1,8)
C00101=(-415.8,-3,20),(-479.2,-2,21),(-505.6,-1,22),(-527.6,0,23),(-545.8,1,24),(-560.6,2,25)
C00108=(-187.1,-1,6),(-215.0,0,7),(-226.1,1,8)
C00109=(-467.4,-1,5),(-485.6,0,6)
C00111=(-1214.6,-3,4),(-1293.2,-2,5),(-1328.7,-1,6),(-1335.4,0,7)
C00116=(-407.7,-1,7),(-485.3,0,8)
C00117=(-1464.6,-4,7),(-1538.2,-3,8),(-1602.8,-2,9),(-1638.4,-1,10),(-1645.4,0,11)
C00119=(-3160.2,-7,6),(-3239.5,-6,7),(-3309.6,-5,8),(-3352.0,-4,9),(-3387.5,-3,10),(-3405.0,-2,11),(-3415.2,-1,12),(-3421.4,0,13)
C00122=(-597.0,-2,2),(-622.1,-1,3),(-642.4,0,4)
C00123=(-290.4,-1,12),(-344.7,0,13),(-360.6,1,14)
C00130=(-1059.8,-5,8),(-1139.6,-4,9),(-1210.6,-3,10),(-1261.6,-2,11),(-1297.2,-1,12),(-1304.8,0,13),(-1307.7,1,14)
C00135=(-184.1,-2,7),(-257.9,-1,8),(-311.8,0,9),(-349.5,1,10),(-360.1,2,11)
C00141=(-461.2,-1,7),(-480.4,0,8)
C00143=(-331.9,-3,20),(-395.2,-2,21),(-421.5,-1,22),(-442.8,0,23),(-459.5,1,24)
C00148=(-182.3,-1,8),(-247.0,0,9),(-258.0,1,10)
C00149=(-838.1,-2,4),(-867.3,-1,5),(-885.6,0,6)
C00152=(-459.4,-1,7),(-507.5,0,8),(-518.9,1,9)
C00155=(-225.0,-2,7),(-283.7,-1,8),(-337.4,0,9),(-351.4,1,10)
C00158=(-1089.9,-4,4),(-1169.3,-3,5),(-1200.1,-2,6),(-1226.7,-1,7),(-1244.1,0,8)
C00166=(-338.1,-1,7),(-357.1,0,8)
C00183=(-296.4,-1,10),(-351.2,0,11),(-366.7,1,12)
C00188=(-466.2,-1,8),(-517.6,0,9),(-530.2,1,10)
C00197=(-1433.9,-4,3),(-1511.1,-3,4),(-1548.1,-2,5),(-1568.0,-1,6),(-1575.4,0,7)
C00199=(-1535.3,-3,8),(-1600.5,-2,9),(-1635.9,-1,10),(-1642.6,0,11)
C00224=(-1385.9,-4,10),(-1465.6,-3,11),(-1536.7,-2,12),(-1566.0,-1,13),(-1583.0,0,14),(-1596.5,1,15)
C00227=(-1219.5,-2,3),(-1269.1,-1,4),(-1298.3,0,5)
C00231=(-1535.3,-3,8),(-1600.5,-2,9),(-1635.9,-1,10),(-1642.6,0,11)
C00233=(-454.7,-1,9),(-474.8,0,10)
C00234=(-554.3,-3,20),(-617.8,-2,21),(-643.3,-1,22),(-663.8,0,23),(-679.9,1,24)
C00236=(-2304.7,-5,3),(-2372.9,-4,4),(-2410.8,-3,5),(-2445.2,-2,6),(-2454.4,-1,7),(-2460.2,0,8)
C00251=(-610.1,-3,7),(-689.0,-2,8),(-712.9,-1,9),(-732.0,0,10)
C00254=(-784.0,-2,8),(-806.2,-1,9),(-822.7,0,10)
C00256=(-512.2,-1,5),(-533.8,0,6)
C00263=(-457.8,-1,8),(-510.1,0,9),(-522.8,1,10)
C00279=(-1372.7,-3,6),(-1444.1,-2,7),(-1479.6,-1,8),(-1486.3,0,9)
C00283=(85.8,-2,0),(12.1,-1,1),(-27.8,0,2)
C00288=(-527.8,-2,-1),(-586.8,-1,0),(-623.1,0,1)
C00311=(-1157.7,-3,5),(-1188.6,-2,6),(-1215.3,-1,7),(-1232.8,0,8)
C00345=(-1823.9,-5,8),(-1900.2,-4,9),(-1972.1,-3,10),(-2009.8,-2,11),(-2029.4,-1,12),(-2037.9,0,13)
C00354=(-2473.5,-6,8),(-2546.2,-5,9),(-2604.9,-4,10),(-2642.1,-3,11),(-2675.9,-2,12),(-2684.4,-1,13),(-2689.5,0,14)
C00407=(-290.0,-1,12),(-344.7,0,13),(-360.6,1,14)
C00417=(-923.6,-3,3),(-949.0,-2,4),(-970.6,-1,5),(-988.6,0,6)
C00440=(-341.6,-3,22),(-405.0,-2,23),(-431.5,-1,24),(-453.5,0,25),(-471.9,1,26),(-486.9,2,27)
C00441=(-417.9,-1,6),(-469.1,0,7),(-480.2,1,8)
C00445=(-350.6,-2,20),(-413.9,-1,21),(-435.1,0,22),(-452.8,1,23),(-467.3,2,24)
C00469=(-181.6,0,6)
C00493=(-634.4,-2,8),(-705.3,-1,9),(-727.6,0,10)
C00631=(-1504.0,-3,4),(-1538.2,-2,5),(-1558.1,-1,6),(-1562.7,0,7)
C00661=(-1211.9,-3,4),(-1290.5,-2,5),(-1326.0,-1,6),(-1332.8,0,7)
C00666=(-573.3,-2,12),(-629.4,-1,13),(-682.0,0,14),(-696.8,1,15),(-707.3,2,16)
C00671=(-454.7,-1,9),(-474.8,0,10)
C00680=(-573.3,-2,12),(-629.4,-1,13),(-682.0,0,14),(-696.8,1,15),(-707.3,2,16)
C00860=(38.9,-2,9),(-37.9,-1,10),(-91.6,0,11),(-132.2,1,12)
C00944=(-735.4,-3,7),(-812.9,-2,8),(-883.4,-1,9),(-902.2,0,10)
C00979=(-621.8,-1,8),(-670.9,0,9),(-681.5,1,10)
C01005=(-1309.2,-3,5),(-1362.8,-2,6),(-1399.9,-1,7),(-1411.7,0,8),(-1418.5,1,9)
C01100=(-848.3,-3,9),(-922.1,-2,10),(-978.3,-1,11),(-1017.7,0,12),(-1053.7,1,13),(-1062.8,2,14)
C01102=(-1302.3,-3,7),(-1356.3,-2,8),(-1395.6,-1,9),(-1408.6,0,10),(-1417.2,1,11)
C01118=(-929.7,-2,11),(-983.7,-1,12),(-1007.1,0,13),(-1016.7,1,14)
C01165=(-410.6,-1,8),(-462.6,0,9),(-474.7,1,10)
C01179=(-446.0,-2,6),(-500.2,-1,7),(-516.8,0,8)
C01236=(-1608.3,-4,7),(-1682.8,-3,8),(-1749.1,-2,9),(-1785.2,-1,10),(-1792.6,0,11)
C01267=(-1021.3,-3,6),(-1088.3,-2,7),(-1127.3,-1,8),(-1162.2,0,9),(-1169.2,1,10)
C01269=(-1651.8,-5,8),(-1725.6,-4,9),(-1762.2,-3,10),(-1785.5,-2,11),(-1804.6,-1,12),(-1811.5,0,13)
C01302=(-1414.6,-5,11),(-1491.4,-4,12),(-1558.8,-3,13),(-1595.9,-2,14),(-1622.2,-1,15),(-1630.6,0,16),(-1632.1,1,17)
C01342=(-26.5,0,3),(-79.3,1,4)
C02291=(-545.2,-2,12),(-600.3,-1,13),(-651.5,0,14),(-665.9,1,15),(-676.1,2,16)
C02504=(-752.5,-3,9),(-830.8,-2,10),(-862.6,-1,11),(-883.3,0,12)
C02631=(-585.1,-2,8),(-612.7,-1,9),(-635.6,0,10)
C02637=(-418.3,-5,3),(-497.6,-4,4),(-566.0,-3,5),(-628.0,-2,6),(-678.0,-1,7)
C02739=(-4193.0,-7,18),(-4264.9,-6,19),(-4307.3,-5,20),(-4342.8,-4,21),(-4361.5,-3,22),(-4376.1,-2,23),(-4385.9,-1,24),(-4392.7,0,25),(-4396.4,1,26)
C02741=(-2382.3,-6,17),(-2455.9,-5,18),(-2526.0,-4,19),(-2563.3,-3,20),(-2597.3,-2,21),(-2607.7,-1,22),(-2615.2,0,23),(-2619.8,1,24)
C03082=(-1502.5,-3,5),(-1551.5,-2,6),(-1587.9,-1,7),(-1598.7,0,8),(-1604.9,1,9)
C03090=(-1336.3,-3,9),(-1408.1,-2,10),(-1453.7,-1,11),(-1489.3,0,12),(-1496.3,1,13)
C03175=(-1469.9,-4,7),(-1543.7,-3,8),(-1580.0,-2,9),(-1602.5,-1,10),(-1609.4,0,11)
C03232=(-1472.8,-3,2),(-1508.2,-2,3),(-1524.0,-1,4),(-1529.8,0,5)
C03287=(-1490.7,-3,7),(-1545.0,-2,8),(-1581.4,-1,9),(-1592.7,0,10),(-1599.1,1,11)
C03340=(-300.0,-4,3),(-374.3,-3,4),(-436.9,-2,5),(-465.6,-1,6),(-470.9,0,7)
C03373=(-1121.0,-4,10),(-1200.8,-3,11),(-1271.8,-2,12),(-1317.0,-1,13),(-1352.6,0,14),(-1359.6,1,15)
C03506=(-1017.7,-3,11),(-1092.5,-2,12),(-1129.6,-1,13),(-1138.1,0,14)
C03508=(-362.7,-2,5),(-437.9,-1,6),(-479.2,0,7),(-489.9,1,8)
C03794=(-1568.7,-5,13),(-1640.6,-4,14),(-1676.5,-3,15),(-1706.4,-2,16),(-1732.9,-1,17),(-1751.6,0,18),(-1765.9,1,19),(-1772.8,2,20)
C03838=(-1398.2,-4,11),(-1470.2,-3,12),(-1536.0,-2,13),(-1582.5,-1,14),(-1618.1,0,15),(-1625.2,1,16)
C03912=(-16.4,-3,4),(-93.3,-2,5),(-158.5,-1,6)
C03972=(-192.1,-6,3),(-267.9,-5,4),(-340.2,-4,5),(-404.3,-3,6),(-464.9,-2,7),(-489.0,-1,8)
C04236=(-780.9,-2,8),(-803.9,-1,9),(-820.6,0,10)
C04272=(-596.3,-2,8),(-671.3,-1,9),(-693.0,0,10)
C04302=(-1410.7,-5,11),(-1484.4,-4,12),(-1553.2,-3,13),(-1589.0,-2,14),(-1614.5,-1,15),(-1621.5,0,16)
C04376=(-1478.5,-5,10),(-1557.3,-4,11),(-1632.7,-3,12),(-1696.1,-2,13),(-1735.0,-1,14),(-1770.7,0,15),(-1802.5,1,16),(-1811.4,2,17)
C04411=(-819.2,-2,10),(-850.7,-1,11),(-871.7,0,12)
C04421=(-1064.2,-3,15),(-1118.6,-2,16),(-1143.4,-1,17),(-1163.8,0,18),(-1174.6,1,19)
C04462=(-1149.2,-4,11),(-1228.6,-3,12),(-1253.5,-2,13),(-1273.5,-1,14),(-1289.4,0,15)
C04640=(-1427.1,-3,13),(-1491.8,-2,14),(-1530.8,-1,15),(-1566.6,0,16),(-1598.6,1,17),(-1622.8,2,18),(-1631.8,3,19)
C04666=(-1141.5,-4,7),(-1217.9,-3,8),(-1286.8,-2,9),(-1325.5,-1,10),(-1360.7,0,11),(-1369.2,1,12)
C04677=(-1295.8,-4,11),(-1374.8,-3,12),(-1445.8,-2,13),(-1481.6,-1,14),(-1509.0,0,15),(-1515.9,1,16)
C04691=(-1781.1,-5,8),(-1857.0,-4,9),(-1927.3,-3,10),(-1964.6,-2,11),(-1984.0,-1,12),(-1991.8,0,13)
C04734=(-1293.6,-5,10),(-1371.2,-4,11),(-1444.4,-3,12),(-1514.2,-2,13),(-1549.8,-1,14),(-1565.1,0,15),(-1572.0,1,16)
C04751=(-1470.8,-5,9),(-1550.5,-4,10),(-1621.6,-3,11),(-1662.2,-2,12),(-1697.5,-1,13),(-1709.7,0,14),(-1716.4,1,15)
C04823=(-1925.6,-6,13),(-2005.4,-5,14),(-2076.5,-4,15),(-2112.3,-3,16),(-2141.6,-2,17),(-2167.5,-1,18),(-2184.6,0,19),(-2191.5,1,20)
C04896=(-2564.0,-6,19),(-2637.3,-5,20),(-2707.2,-4,21),(-2744.6,-3,22),(-2778.6,-2,23),(-2802.7,-1,24),(-2815.3,0,25),(-2823.6,1,26),(-2828.8,2,27)
C04916=(-2570.7,-6,19),(-2643.6,-5,20),(-2712.8,-4,21),(-2751.0,-3,22),(-2785.6,-2,23),(-2812.7,-1,24),(-2835.0,0,25),(-2844.5,1,26),(-2850.4,2,27)
C05382=(-1685.8,-5,10),(-1764.7,-4,11),(-1838.8,-3,12),(-1907.8,-2,13),(-1943.2,-1,14),(-1950.0,0,15)
C06006=(-556.7,-2,8),(-626.5,-1,9),(-647.0,0,10)
C06007=(-590.0,-2,10),(-664.8,-1,11),(-687.2,0,12)
C06010=(-562.1,-2,6),(-633.0,-1,7),(-652.7,0,8)
C15667=(-1421.1,-5,9),(-1500.8,-4,10),(-1571.9,-3,11),(-1608.8,-2,12),(-1642.0,-1,13),(-1654.9,0,14),(-1661.6,1,15)
C17569=(692.6,-2,72),(623.9,-1,73),(565.9,0,74)
